  5000,  1000,

     0,   300,   300,   500,   900,     0,

   100,   100,   100,   100,   100,   100,   100,   100,
   100,   100,   100,   100,   100,   100,   100,   100,
   100,   100,   100,   100,   100,   100,   100,   100,
   100,   100,   100,   100,   100,   100,   100,   100,
   100,   100,   100,   100,   100,   100,   100,   100,
   100,   100,   100,   100,   100,   100,   100,   100,
   100,   100,   100,   100,   100,   100,   100,   100,
   100,   100,   100,   100,   100,   100,   100,   100,

   300,   300,   300,   300,   300,   300,   300,   300,
   300,   300,   300,   300,   300,   300,   300,   300,
   300,   300,   300,   300,   300,   300,   300,   300,
   300,   300,   300,   300,   300,   300,   300,   300,
   300,   300,   300,   300,   300,   300,   300,   300,
   300,   300,   300,   300,   300,   300,   300,   300,
   300,   300,   300,   300,   300,   300,   300,   300,
   300,   300,   300,   300,   300,   300,   300,   300,

   300,   300,   300,   300,   300,   300,   300,   300,
   300,   300,   300,   300,   300,   300,   300,   300,
   300,   300,   300,   300,   300,   300,   300,   300,
   300,   300,   300,   300,   300,   300,   300,   300,
   300,   300,   300,   300,   300,   300,   300,   300,
   300,   300,   300,   300,   300,   300,   300,   300,
   300,   300,   300,   300,   300,   300,   300,   300,
   300,   300,   300,   300,   300,   300,   300,   300,

   500,   500,   500,   500,   500,   500,   500,   500,
   500,   500,   500,   500,   500,   500,   500,   500,
   500,   500,   500,   500,   500,   500,   500,   500,
   500,   500,   500,   500,   500,   500,   500,   500,
   500,   500,   500,   500,   500,   500,   500,   500,
   500,   500,   500,   500,   500,   500,   500,   500,
   500,   500,   500,   500,   500,   500,   500,   500,
   500,   500,   500,   500,   500,   500,   500,   500,

   900,   900,   900,   900,   900,   900,   900,   900,
   900,   900,   900,   900,   900,   900,   900,   900,
   900,   900,   900,   900,   900,   900,   900,   900,
   900,   900,   900,   900,   900,   900,   900,   900,
   900,   900,   900,   900,   900,   900,   900,   900,
   900,   900,   900,   900,   900,   900,   900,   900,
   900,   900,   900,   900,   900,   900,   900,   900,
   900,   900,   900,   900,   900,   900,   900,   900,

     0,     0,     0,     0,     0,     0,     0,     0,
     0,     0,     0,     0,     0,     0,     0,     0,
     0,     0,     0,     0,     0,     0,     0,     0,
     0,     0,     0,     0,     0,     0,     0,     0,
     0,     0,     0,     0,     0,     0,     0,     0,
     0,     0,     0,     0,     0,     0,     0,     0,
     0,     0,     0,     0,     0,     0,     0,     0,
     0,     0,     0,     0,     0,     0,     0,     0,

   100,   100,   100,   100,   100,   100,   100,   100,
   100,   100,   100,   100,   100,   100,   100,   100,
   100,   100,   100,   100,   100,   100,   100,   100,
   100,   100,   100,   100,   100,   100,   100,   100,
   100,   100,   100,   100,   100,   100,   100,   100,
   100,   100,   100,   100,   100,   100,   100,   100,
   100,   100,   100,   100,   100,   100,   100,   100,
   100,   100,   100,   100,   100,   100,   100,   100,

   300,   300,   300,   300,   300,   300,   300,   300,
   300,   300,   300,   300,   300,   300,   300,   300,
   300,   300,   300,   300,   300,   300,   300,   300,
   300,   300,   300,   300,   300,   300,   300,   300,
   300,   300,   300,   300,   300,   300,   300,   300,
   300,   300,   300,   300,   300,   300,   300,   300,
   300,   300,   300,   300,   300,   300,   300,   300,
   300,   300,   300,   300,   300,   300,   300,   300,

   300,   300,   300,   300,   300,   300,   300,   300,
   300,   300,   300,   300,   300,   300,   300,   300,
   300,   300,   300,   300,   300,   300,   300,   300,
   300,   300,   300,   300,   300,   300,   300,   300,
   300,   300,   300,   300,   300,   300,   300,   300,
   300,   300,   300,   300,   300,   300,   300,   300,
   300,   300,   300,   300,   300,   300,   300,   300,
   300,   300,   300,   300,   300,   300,   300,   300,

   500,   500,   500,   500,   500,   500,   500,   500,
   500,   500,   500,   500,   500,   500,   500,   500,
   500,   500,   500,   500,   500,   500,   500,   500,
   500,   500,   500,   500,   500,   500,   500,   500,
   500,   500,   500,   500,   500,   500,   500,   500,
   500,   500,   500,   500,   500,   500,   500,   500,
   500,   500,   500,   500,   500,   500,   500,   500,
   500,   500,   500,   500,   500,   500,   500,   500,

   900,   900,   900,   900,   900,   900,   900,   900,
   900,   900,   900,   900,   900,   900,   900,   900,
   900,   900,   900,   900,   900,   900,   900,   900,
   900,   900,   900,   900,   900,   900,   900,   900,
   900,   900,   900,   900,   900,   900,   900,   900,
   900,   900,   900,   900,   900,   900,   900,   900,
   900,   900,   900,   900,   900,   900,   900,   900,
   900,   900,   900,   900,   900,   900,   900,   900,

     0,     0,     0,     0,     0,     0,     0,     0,
     0,     0,     0,     0,     0,     0,     0,     0,
     0,     0,     0,     0,     0,     0,     0,     0,
     0,     0,     0,     0,     0,     0,     0,     0,
     0,     0,     0,     0,     0,     0,     0,     0,
     0,     0,     0,     0,     0,     0,     0,     0,
     0,     0,     0,     0,     0,     0,     0,     0,
     0,     0,     0,     0,     0,     0,     0,     0,

